color 255,0,0
575 449
575 448
575 447
575 446
575 445
575 444
575 443
575 442
575 441
575 440
575 439
575 438
575 437
575 436
575 435
575 434
575 433
575 432
575 431
575 430
575 429
575 428
575 427
575 426
575 425
575 424
575 423
575 422
575 421
575 420
575 419
575 418
575 417
575 416
575 415
575 414
575 413
575 412
575 411
575 410
575 409
575 408
575 407
575 406
575 405
575 404
575 403
575 402
575 401
575 400
575 399
575 398
575 397
575 396
575 395
575 394
575 393
575 392
575 391
575 390
575 389
575 388
575 387
575 386
575 385
575 384
575 383
575 382
575 381
575 380
575 379
575 378
575 377
575 376
575 375
575 374
575 373
575 372
575 371
575 370
575 369
575 368
575 367
575 366
575 365
575 364
575 363
575 362
576 362
577 362
578 362
579 362
580 362
579 362
578 362
577 362
576 362
575 362
574 362
573 362
572 362
571 362
570 362
570 361
570 360
570 359
570 358
570 357
570 356
570 355
570 354
570 353
570 352
570 351
570 350
570 349
570 348
570 347
570 346
570 345
570 344
570 343
570 342
570 341
570 340
570 339
570 338
570 337
570 336
570 335
570 334
570 333
570 332
570 331
570 330
570 329
570 328
570 327
570 326
570 325
570 324
570 323
570 322
570 321
570 320
570 319
570 318
570 317
570 316
570 315
570 314
570 313
570 312
570 311
570 310
570 309
570 308
570 307
570 306
570 305
570 304
570 303
570 302
570 301
570 300
570 299
570 298
570 297
570 296
570 295
570 294
570 293
570 292
570 291
570 290
570 289
570 288
570 287
570 286
570 285
570 284
570 283
571 283
572 283
573 283
574 283
575 283
574 283
573 283
572 283
571 283
570 283
569 283
568 283
567 283
566 283
565 283
565 282
565 281
565 280
565 279
565 278
565 277
565 276
565 275
565 274
565 273
565 272
565 271
565 270
565 269
565 268
565 267
565 266
565 265
565 264
565 263
565 262
565 261
565 260
565 259
565 258
565 257
565 256
565 255
565 254
565 253
565 252
565 251
565 250
565 249
565 248
565 247
565 246
565 245
565 244
565 243
565 242
565 241
565 240
565 239
565 238
565 237
565 236
565 235
565 234
565 233
565 232
565 231
565 230
565 229
565 228
565 227
565 226
565 225
565 224
565 223
565 222
565 221
565 220
565 219
565 218
565 217
565 216
565 215
565 214
565 213
565 212
565 211
565 210
565 209
565 208
565 207
565 206
565 205
565 204
565 203
565 202
565 201
565 200
565 199
565 198
565 197
565 196
565 195
565 194
565 193
565 192
565 191
565 190
565 189
565 188
565 187
565 186
565 185
565 184
565 183
565 182
565 181
565 180
565 179
565 178
565 177
565 176
565 175
565 174
565 173
565 172
565 171
565 170
565 169
565 168
565 167
565 166
565 165
565 164
565 163
565 162
565 161
565 160
565 159
565 158
565 157
565 156
565 155
565 154
565 153
565 152
565 151
565 150
565 149
565 148
566 148
567 148
568 148
569 148
570 148
569 148
568 148
567 148
566 148
565 148
564 148
563 148
562 148
561 148
560 148
560 147
560 146
560 145
560 144
560 143
560 142
560 141
560 140
560 139
560 138
560 137
560 136
560 135
560 134
560 133
560 132
560 131
560 130
560 129
560 128
560 127
560 126
560 125
560 124
560 123
560 122
560 121
560 120
559 120
558 120
557 120
556 120
555 120
555 119
555 118
555 117
555 116
555 115
555 114
555 113
555 112
555 111
555 110
555 109
555 108
555 107
555 106
555 105
555 104
555 103
555 102
555 101
555 100
555 99
555 98
555 97
555 96
555 95
555 94
555 93
555 92
555 91
555 90
555 89
556 89
557 89
558 89
559 89
560 89
559 89
558 89
557 89
556 89
555 89
554 89
553 89
552 89
551 89
550 89
551 89
552 89
553 89
554 89
555 89
556 89
557 89
558 89
559 89
560 89
561 89
560 89
559 89
558 89
557 89
556 89
555 89
554 89
553 89
552 89
551 89
550 89
549 89
550 89
551 89
552 89
553 89
554 89
555 89
556 89
557 89
558 89
559 89
560 89
561 89
562 89
561 89
560 89
559 89
558 89
557 89
556 89
555 89
554 89
553 89
552 89
551 89
550 89
549 89
548 89
549 89
550 89
551 89
552 89
553 89
554 89
555 89
556 89
557 89
558 89
559 89
560 89
561 89
562 89
563 89
562 89
561 89
560 89
559 89
558 89
557 89
556 89
555 89
554 89
553 89
552 89
551 89
550 89
549 89
548 89
547 89
548 89
549 89
550 89
551 89
552 89
553 89
554 89
555 89
556 89
557 89
558 89
559 89
560 89
561 89
562 89
563 89
564 89
563 89
562 89
561 89
560 89
559 89
558 89
557 89
556 89
555 89
554 89
553 89
552 89
551 89
550 89
549 89
548 89
547 89
546 89
547 89
548 89
549 89
550 89
551 89
552 89
553 89
554 89
555 89
556 89
557 89
558 89
559 89
560 89
561 89
562 89
563 89
564 89
565 89
564 89
563 89
562 89
561 89
560 89
559 89
558 89
557 89
556 89
555 89
554 89
553 89
552 89
551 89
550 89
549 89
548 89
547 89
546 89
545 89
546 89
547 89
548 89
549 89
550 89
551 89
552 89
553 89
554 89
555 89
556 89
557 89
558 89
559 89
560 89
561 89
562 89
563 89
564 89
565 89
566 89
565 89
564 89
563 89
562 89
561 89
560 89
559 89
558 89
557 89
556 89
555 89
554 89
553 89
552 89
551 89
550 89
549 89
548 89
547 89
546 89
545 89
544 89
545 89
546 89
547 89
548 89
549 89
550 89
551 89
552 89
553 89
554 89
555 89
556 89
557 89
558 89
559 89
560 89
561 89
562 89
563 89
564 89
565 89
566 89
567 89
566 89
565 89
564 89
563 89
562 89
561 89
560 89
559 89
558 89
557 89
556 89
555 89
554 89
553 89
552 89
551 89
550 89
549 89
548 89
547 89
546 89
545 89
544 89
543 89
544 89
545 89
546 89
547 89
548 89
549 89
550 89
551 89
552 89
553 89
554 89
555 89
556 89
557 89
558 89
559 89
560 89
561 89
562 89
563 89
564 89
565 89
566 89
567 89
568 89
567 89
566 89
565 89
564 89
563 89
562 89
561 89
560 89
559 89
558 89
557 89
556 89
555 89
554 89
553 89
552 89
551 89
550 89
549 89
548 89
547 89
546 89
545 89
544 89
543 89
542 89
543 89
544 89
545 89
546 89
547 89
548 89
549 89
550 89
551 89
552 89
553 89
554 89
555 89
556 89
557 89
558 89
559 89
560 89
561 89
562 89
563 89
564 89
565 89
566 89
567 89
568 89
569 89
568 89
567 89
566 89
565 89
564 89
563 89
562 89
561 89
560 89
559 89
558 89
557 89
556 89
555 89
554 89
553 89
552 89
551 89
550 89
549 89
548 89
547 89
546 89
545 89
544 89
543 89
542 89
541 89
542 89
543 89
544 89
545 89
546 89
547 89
548 89
549 89
550 89
551 89
552 89
553 89
554 89
555 89
color 0,150,0
575 451
575 452
575 453
575 454
575 455
575 456
575 457
575 458
575 459
575 460
575 461
575 462
575 463
575 464
575 465
575 466
575 467
575 468
575 469
575 470
575 471
575 472
575 473
575 474
575 475
575 476
576 476
577 476
578 476
579 476
580 476
579 476
578 476
577 476
576 476
575 476
574 476
573 476
572 476
571 476
570 476
571 476
572 476
573 476
574 476
575 476
576 476
577 476
578 476
579 476
580 476
581 476
580 476
579 476
578 476
577 476
576 476
575 476
574 476
573 476
572 476
571 476
570 476
569 476
570 476
571 476
572 476
573 476
574 476
575 476
576 476
577 476
578 476
579 476
580 476
581 476
582 476
581 476
580 476
579 476
578 476
577 476
576 476
575 476
574 476
573 476
572 476
571 476
570 476
569 476
568 476
569 476
570 476
571 476
572 476
573 476
574 476
575 476
576 476
577 476
578 476
579 476
580 476
581 476
582 476
583 476
582 476
581 476
580 476
579 476
578 476
577 476
576 476
575 476
574 476
573 476
572 476
571 476
570 476
569 476
568 476
567 476
568 476
569 476
570 476
571 476
572 476
573 476
574 476
575 476
576 476
577 476
578 476
579 476
580 476
581 476
582 476
583 476
584 476
583 476
582 476
581 476
580 476
579 476
578 476
577 476
576 476
575 476
574 476
573 476
572 476
571 476
570 476
569 476
568 476
567 476
566 476
567 476
568 476
569 476
570 476
571 476
572 476
573 476
574 476
575 476
576 476
577 476
578 476
579 476
580 476
581 476
582 476
583 476
584 476
585 476
584 476
583 476
582 476
581 476
580 476
579 476
578 476
577 476
576 476
575 476
574 476
573 476
572 476
571 476
570 476
569 476
568 476
567 476
566 476
565 476
566 476
567 476
568 476
569 476
570 476
571 476
572 476
573 476
574 476
575 476
576 476
577 476
578 476
579 476
580 476
581 476
582 476
583 476
584 476
585 476
586 476
585 476
584 476
583 476
582 476
581 476
580 476
579 476
578 476
577 476
576 476
575 476
574 476
573 476
572 476
571 476
570 476
569 476
568 476
567 476
566 476
565 476
564 476
565 476
566 476
567 476
568 476
569 476
570 476
571 476
572 476
573 476
574 476
575 476
576 476
577 476
578 476
579 476
580 476
581 476
582 476
583 476
584 476
585 476
586 476
587 476
586 476
585 476
584 476
583 476
582 476
581 476
580 476
579 476
578 476
577 476
576 476
575 476
574 476
573 476
572 476
571 476
570 476
569 476
568 476
567 476
566 476
565 476
564 476
563 476
564 476
565 476
566 476
567 476
568 476
569 476
570 476
571 476
572 476
573 476
574 476
575 476
576 476
577 476
578 476
579 476
580 476
581 476
582 476
583 476
584 476
585 476
586 476
587 476
588 476
587 476
586 476
585 476
584 476
583 476
582 476
581 476
580 476
579 476
578 476
577 476
576 476
575 476
574 476
573 476
572 476
571 476
570 476
569 476
568 476
567 476
566 476
565 476
564 476
563 476
562 476
563 476
564 476
565 476
566 476
567 476
568 476
569 476
570 476
571 476
572 476
573 476
574 476
575 476
576 476
577 476
578 476
579 476
580 476
581 476
582 476
583 476
584 476
585 476
586 476
587 476
588 476
589 476
588 476
587 476
586 476
585 476
584 476
583 476
582 476
581 476
580 476
579 476
578 476
577 476
576 476
575 476
574 476
573 476
572 476
571 476
570 476
569 476
568 476
567 476
566 476
565 476
564 476
563 476
562 476
561 476
562 476
563 476
564 476
565 476
566 476
567 476
568 476
569 476
570 476
571 476
572 476
573 476
574 476
575 476
color 0,0,150
576 450
577 450
577 449
577 448
577 447
577 446
577 445
577 446
577 447
577 448
577 449
577 450
577 451
577 452
577 453
577 454
577 455
577 454
577 453
577 452
577 451
577 450
577 449
577 448
577 447
577 446
577 445
577 444
577 445
577 446
577 447
577 448
577 449
577 450
577 451
577 452
577 453
577 454
577 455
577 456
577 455
577 454
577 453
577 452
577 451
577 450
577 449
577 448
577 447
577 446
577 445
577 444
577 443
577 444
577 445
577 446
577 447
577 448
577 449
577 450
577 451
577 452
577 453
577 454
577 455
577 456
577 457
577 456
577 455
577 454
577 453
577 452
577 451
577 450
577 449
577 448
577 447
577 446
577 445
577 444
577 443
577 442
577 443
577 444
577 445
577 446
577 447
577 448
577 449
577 450
577 451
577 452
577 453
577 454
577 455
577 456
577 457
577 458
577 457
577 456
577 455
577 454
577 453
577 452
577 451
577 450
577 449
577 448
577 447
577 446
577 445
577 444
577 443
577 442
577 441
577 442
577 443
577 444
577 445
577 446
577 447
577 448
577 449
577 450
577 451
577 452
577 453
577 454
577 455
577 456
577 457
577 458
577 459
577 458
577 457
577 456
577 455
577 454
577 453
577 452
577 451
577 450
577 449
577 448
577 447
577 446
577 445
577 444
577 443
577 442
577 441
577 440
577 441
577 442
577 443
577 444
577 445
577 446
577 447
577 448
577 449
577 450
577 451
577 452
577 453
577 454
577 455
577 456
577 457
577 458
577 459
577 460
577 459
577 458
577 457
577 456
577 455
577 454
577 453
577 452
577 451
577 450
577 449
577 448
577 447
577 446
577 445
577 444
577 443
577 442
577 441
577 440
577 439
577 440
577 441
577 442
577 443
577 444
577 445
577 446
577 447
577 448
577 449
577 450
577 451
577 452
577 453
577 454
577 455
577 456
577 457
577 458
577 459
577 460
577 461
577 460
577 459
577 458
577 457
577 456
577 455
577 454
577 453
577 452
577 451
577 450
577 449
577 448
577 447
577 446
577 445
577 444
577 443
577 442
577 441
577 440
577 439
577 438
577 439
577 440
577 441
577 442
577 443
577 444
577 445
577 446
577 447
577 448
577 449
577 450
577 451
577 452
577 453
577 454
577 455
577 456
577 457
577 458
577 459
577 460
577 461
577 462
577 461
577 460
577 459
577 458
577 457
577 456
577 455
577 454
577 453
577 452
577 451
577 450
577 449
577 448
577 447
577 446
577 445
577 444
577 443
577 442
577 441
577 440
577 439
577 438
577 437
577 438
577 439
577 440
577 441
577 442
577 443
577 444
577 445
577 446
577 447
577 448
577 449
577 450
577 451
577 452
577 453
577 454
577 455
577 456
577 457
577 458
577 459
577 460
577 461
577 462
577 463
577 462
577 461
577 460
577 459
577 458
577 457
577 456
577 455
577 454
577 453
577 452
577 451
577 450
577 449
577 448
577 447
577 446
577 445
577 444
577 443
577 442
577 441
577 440
577 439
577 438
577 437
577 436
577 437
577 438
577 439
577 440
577 441
577 442
577 443
577 444
577 445
577 446
577 447
577 448
577 449
577 450
577 451
577 452
577 453
577 454
577 455
577 456
577 457
577 458
577 459
577 460
577 461
577 462
577 463
577 464
577 463
577 462
577 461
577 460
577 459
577 458
577 457
577 456
577 455
577 454
577 453
577 452
577 451
577 450
color 150,150,0
574 450
573 450
572 450
571 450
570 450
569 450
568 450
567 450
566 450
565 450
564 450
563 450
562 450
561 450
560 450
559 450
558 450
557 450
556 450
555 450
554 450
553 450
552 450
551 450
551 449
551 448
551 447
551 446
551 445
550 445
549 445
548 445
547 445
546 445
546 446
546 447
546 448
546 449
546 450
546 449
546 448
546 447
546 446
546 445
546 444
546 443
546 442
546 441
546 440
545 440
544 440
543 440
542 440
542 439
542 438
542 437
542 436
542 435
541 435
540 435
539 435
538 435
537 435
537 436
537 437
537 438
537 439
537 440
537 439
537 438
537 437
537 436
537 435
537 434
537 433
537 432
537 431
537 430
536 430
535 430
534 430
534 431
534 432
534 433
534 434
534 435
534 434
534 433
534 432
534 431
534 430
534 429
534 428
534 427
534 426
534 425
533 425
532 425
532 424
532 423
532 422
532 421
532 420
531 420
530 420
530 419
530 418
530 417
530 416
530 415
529 415
528 415
527 415
527 414
527 413
527 412
527 411
527 410
526 410
525 410
525 411
525 412
525 413
525 414
525 415
525 414
525 413
525 412
525 411
525 410
525 409
525 408
525 407
525 406
525 405
524 405
524 404
524 403
524 402
524 401
524 400
523 400
522 400
521 400
521 399
521 398
521 397
521 396
521 395
520 395
519 395
519 394
519 393
519 392
519 391
519 390
518 390
517 390
516 390
516 391
516 392
516 393
516 394
516 395
516 394
516 393
516 392
516 391
516 390
516 389
516 388
516 387
516 386
516 385
515 385
514 385
514 386
514 387
514 388
514 389
514 390
514 389
514 388
514 387
514 386
514 385
514 384
514 383
514 382
514 381
514 380
514 381
514 382
514 383
514 384
514 385
514 386
514 387
514 388
514 389
514 390
514 391
514 390
514 389
514 388
514 387
514 386
514 385
514 384
514 383
514 382
514 381
514 380
514 379
514 380
514 381
514 382
514 383
514 384
514 385
514 386
514 387
514 388
514 389
514 390
514 391
514 392
514 391
514 390
514 389
514 388
514 387
514 386
514 385
514 384
514 383
514 382
514 381
514 380
514 379
514 378
514 379
514 380
514 381
514 382
514 383
514 384
514 385
514 386
514 387
514 388
514 389
514 390
514 391
514 392
514 393
514 392
514 391
514 390
514 389
514 388
514 387
514 386
514 385
514 384
514 383
514 382
514 381
514 380
514 379
514 378
514 377
514 378
514 379
514 380
514 381
514 382
514 383
514 384
514 385
514 386
514 387
514 388
514 389
514 390
514 391
514 392
514 393
514 394
514 393
514 392
514 391
514 390
514 389
514 388
514 387
514 386
514 385
514 384
514 383
514 382
514 381
514 380
514 379
514 378
514 377
514 376
514 377
514 378
514 379
514 380
514 381
514 382
514 383
514 384
514 385
514 386
514 387
514 388
514 389
514 390
514 391
514 392
514 393
514 394
514 395
514 394
514 393
514 392
514 391
514 390
514 389
514 388
514 387
514 386
514 385
514 384
514 383
514 382
514 381
514 380
514 379
514 378
514 377
514 376
514 375
513 375
513 376
513 377
513 378
513 379
513 380
513 379
513 378
513 377
513 376
513 375
513 374
513 373
513 372
513 371
513 370
512 370
511 370
510 370
509 370
508 370
508 371
508 372
508 373
508 374
508 375
508 374
508 373
508 372
508 371
508 370
508 369
508 368
508 367
508 366
508 365
508 366
508 367
508 368
508 369
508 370
508 371
508 372
508 373
508 374
508 375
508 376
508 375
508 374
508 373
508 372
508 371
508 370
508 369
508 368
508 367
508 366
508 365
508 364
508 365
508 366
508 367
508 368
508 369
508 370
508 371
508 372
508 373
508 374
508 375
508 376
508 377
508 376
508 375
508 374
508 373
508 372
508 371
508 370
508 369
508 368
508 367
508 366
508 365
508 364
508 363
508 364
508 365
508 366
508 367
508 368
508 369
508 370
508 371
508 372
508 373
508 374
508 375
508 376
508 377
508 378
508 377
508 376
508 375
508 374
508 373
508 372
508 371
508 370
508 369
508 368
508 367
508 366
508 365
508 364
508 363
508 362
508 363
508 364
508 365
508 366
508 367
508 368
508 369
508 370
508 371
508 372
508 373
508 374
508 375
508 376
508 377
508 378
508 379
508 378
508 377
508 376
508 375
508 374
508 373
508 372
508 371
508 370
508 369
508 368
508 367
508 366
508 365
508 364
508 363
508 362
508 361
508 362
508 363
508 364
508 365
508 366
508 367
508 368
508 369
508 370
508 371
508 372
508 373
508 374
508 375
508 376
508 377
508 378
508 379
508 380
508 379
508 378
508 377
508 376
508 375
508 374
508 373
508 372
508 371
508 370
508 369
508 368
508 367
508 366
508 365
508 364
508 363
508 362
508 361
508 360
507 360
507 361
507 362
507 363
507 364
507 365
507 364
507 363
507 362
507 361
507 360
507 359
507 358
507 357
507 356
507 355
506 355
506 356
506 357
506 358
506 359
506 360
506 359
506 358
506 357
506 356
506 355
506 354
506 353
506 352
506 351
506 350
505 350
504 350
503 350
502 350
502 351
502 352
502 353
502 354
502 355
502 354
502 353
502 352
502 351
502 350
502 349
502 348
502 347
502 346
502 345
501 345
500 345
499 345
499 344
499 343
499 342
499 341
499 340
499 341
499 342
499 343
499 344
499 345
499 346
499 347
499 348
499 349
499 350
499 349
499 348
499 347
499 346
499 345
499 344
499 343
499 342
499 341
499 340
499 339
498 339
498 338
498 337
498 336
498 335
498 334
497 334
496 334
495 334
494 334
494 333
494 332
494 331
494 330
494 329
493 329
492 329
491 329
490 329
489 329
489 328
489 327
489 326
489 325
489 324
488 324
487 324
487 323
487 322
487 321
487 320
487 319
486 319
486 318
486 317
486 316
486 315
486 314
486 315
486 316
486 317
486 318
486 319
486 320
486 321
486 322
486 323
486 324
486 323
486 322
486 321
486 320
486 319
486 318
486 317
486 316
486 315
486 314
486 313
485 313
485 312
485 311
485 310
485 309
485 308
484 308
483 308
482 308
481 308
481 307
481 306
481 305
481 304
481 303
480 303
479 303
478 303
477 303
476 303
476 302
476 301
476 300
476 299
476 298
475 298
474 298
473 298
472 298
471 298
470 298
469 298
468 298
467 298
466 298
465 298
464 298
463 298
462 298
461 298
460 298
459 298
458 298
457 298
456 298
455 298
454 298
453 298
452 298
451 298
450 298
449 298
448 298
447 298
446 298
445 298
444 298
443 298
442 298
441 298
440 298
439 298
438 298
437 298
436 298
435 298
434 298
433 298
432 298
431 298
430 298
429 298
428 298
427 298
426 298
425 298
424 298
423 298
422 298
421 298
420 298
419 298
418 298
417 298
416 298
415 298
414 298
413 298
412 298
411 298
410 298
409 298
408 298
407 298
406 298
405 298
404 298
403 298
402 298
401 298
400 298
399 298
398 298
397 298
396 298
395 298
394 298
393 298
392 298
391 298
390 298
389 298
388 298
387 298
386 298
385 298
384 298
383 298
382 298
381 298
380 298
379 298
378 298
377 298
376 298
375 298
374 298
373 298
372 298
371 298
370 298
369 298
368 298
367 298
366 298
365 298
364 298
363 298
362 298
361 298
360 298
359 298
358 298
357 298
356 298
355 298
354 298
353 298
352 298
351 298
350 298
349 298
348 298
347 298
346 298
345 298
344 298
343 298
342 298
341 298
340 298
339 298
338 298
337 298
336 298
335 298
334 298
333 298
332 298
331 298
330 298
329 298
328 298
327 298
326 298
325 298
324 298
323 298
322 298
321 298
320 298
319 298
318 298
317 298
316 298
315 298
314 298
313 298
312 298
311 298
310 298
309 298
308 298
307 298
306 298
305 298
304 298
303 298
302 298
301 298
300 298
299 298
298 298
297 298
296 298
295 298
294 298
293 298
292 298
291 298
290 298
289 298
288 298
287 298
286 298
285 298
284 298
283 298
282 298
281 298
280 298
279 298
278 298
277 298
276 298
275 298
274 298
273 298
272 298
271 298
270 298
269 298
268 298
267 298
266 298
265 298
264 298
264 299
264 300
264 301
264 302
264 303
264 302
264 301
264 300
264 299
264 298
264 297
264 296
264 295
264 294
264 293
263 293
262 293
261 293
260 293
259 293
258 293
257 293
256 293
255 293
254 293
253 293
252 293
251 293
250 293
249 293
248 293
247 293
246 293
245 293
244 293
243 293
242 293
241 293
240 293
239 293
238 293
237 293
236 293
235 293
234 293
233 293
232 293
231 293
230 293
229 293
228 293
227 293
226 293
225 293
224 293
223 293
222 293
221 293
220 293
219 293
218 293
217 293
216 293
215 293
214 293
213 293
212 293
211 293
210 293
209 293
208 293
207 293
206 293
205 293
204 293
203 293
202 293
201 293
200 293
199 293
198 293
197 293
196 293
195 293
194 293
193 293
192 293
191 293
190 293
189 293
188 293
187 293
186 293
185 293
184 293
183 293
182 293
181 293
180 293
179 293
178 293
177 293
176 293
175 293
174 293
173 293
172 293
171 293
170 293
169 293
168 293
167 293
166 293
165 293
164 293
163 293
162 293
161 293
160 293
159 293
158 293
157 293
156 293
155 293
154 293
153 293
152 293
151 293
150 293
149 293
148 293
147 293
146 293
145 293
144 293
143 293
142 293
141 293
140 293
139 293
138 293
137 293
136 293
135 293
134 293
133 293
132 293
131 293
130 293
129 293
128 293
127 293
126 293
125 293
124 293
123 293
122 293
121 293
120 293
119 293
118 293
117 293
116 293
115 293
114 293
113 293
112 293
111 293
110 293
109 293
108 293
107 293
106 293
105 293
104 293
103 293
102 293
101 293
100 293
99 293
98 293
97 293
96 293
95 293
94 293
93 293
92 293
91 293
90 293
89 293
88 293
87 293
86 293
85 293
84 293
83 293
82 293
81 293
80 293
80 294
80 295
80 296
80 297
80 298
79 298
78 298
77 298
76 298
76 297
76 296
76 295
76 294
76 293
76 294
76 295
76 296
76 297
76 298
76 299
76 300
76 301
76 302
76 303
75 303
74 303
73 303
72 303
71 303
71 302
71 301
71 300
71 299
71 298
71 299
71 300
71 301
71 302
71 303
71 304
71 305
71 306
71 307
71 308
70 308
69 308
68 308
68 307
68 306
68 305
68 304
68 303
68 304
68 305
68 306
68 307
68 308
68 309
68 310
68 311
68 312
68 313
67 313
66 313
65 313
64 313
63 313
63 314
63 315
63 316
63 317
63 318
62 318
61 318
60 318
59 318
59 319
59 320
59 321
59 322
59 323
58 323
57 323
56 323
55 323
54 323
53 323
53 324
53 325
53 326
53 327
53 328
52 328
51 328
50 328
49 328
48 328
48 327
48 326
48 325
48 324
48 323
48 324
48 325
48 326
48 327
48 328
48 329
48 330
48 331
48 332
48 333
47 333
46 333
45 333
44 333
43 333
42 333
41 333
40 333
39 333
38 333
37 333
36 333
35 333
34 333
33 333
32 333
31 333
30 333
29 333
28 333
27 333
26 333
25 333
24 333
23 333
22 333
21 333
20 333
19 333
18 333
17 333
16 333
15 333
14 333
13 333
13 334
13 335
13 336
13 337
13 338
13 337
13 336
13 335
13 334
13 333
13 332
13 331
13 330
13 329
13 328
13 329
13 330
13 331
13 332
13 333
13 334
13 335
13 336
13 337
13 338
13 339
13 338
13 337
13 336
13 335
13 334
13 333
13 332
13 331
13 330
13 329
13 328
13 327
13 328
13 329
13 330
13 331
13 332
13 333
13 334
13 335
13 336
13 337
13 338
13 339
13 340
13 339
13 338
13 337
13 336
13 335
13 334
13 333
13 332
13 331
13 330
13 329
13 328
13 327
13 326
13 327
13 328
13 329
13 330
13 331
13 332
13 333
13 334
13 335
13 336
13 337
13 338
13 339
13 340
13 341
13 340
13 339
13 338
13 337
13 336
13 335
13 334
13 333
13 332
13 331
13 330
13 329
13 328
13 327
13 326
13 325
13 326
13 327
13 328
13 329
13 330
13 331
13 332
13 333
13 334
13 335
13 336
13 337
13 338
13 339
13 340
13 341
13 342
13 341
13 340
13 339
13 338
13 337
13 336
13 335
13 334
13 333
13 332
13 331
13 330
13 329
13 328
13 327
13 326
13 325
13 324
13 325
13 326
13 327
13 328
13 329
13 330
13 331
13 332
13 333
13 334
13 335
13 336
13 337
13 338
13 339
13 340
13 341
13 342
13 343
13 342
13 341
13 340
13 339
13 338
13 337
13 336
13 335
13 334
13 333
13 332
13 331
13 330
13 329
13 328
13 327
13 326
13 325
13 324
13 323
13 324
13 325
13 326
13 327
13 328
13 329
13 330
13 331
13 332
13 333
13 334
13 335
13 336
13 337
13 338
13 339
13 340
13 341
13 342
13 343
13 344
13 343
13 342
13 341
13 340
13 339
13 338
13 337
13 336
13 335
13 334
13 333
13 332
13 331
13 330
13 329
13 328
13 327
13 326
13 325
13 324
13 323
13 322
13 323
13 324
13 325
13 326
13 327
13 328
13 329
13 330
13 331
13 332
13 333
13 334
13 335
13 336
13 337
13 338
13 339
13 340
13 341
13 342
13 343
13 344
13 345
13 344
13 343
13 342
13 341
13 340
13 339
13 338
13 337
13 336
13 335
13 334
13 333
13 332
13 331
13 330
13 329
13 328
13 327
13 326
13 325
13 324
13 323
13 322
13 321
13 322
13 323
13 324
13 325
13 326
13 327
13 328
13 329
13 330
13 331
13 332
13 333
13 334
13 335
13 336
13 337
13 338
13 339
13 340
13 341
13 342
13 343
13 344
13 345
13 346
13 345
13 344
13 343
13 342
13 341
13 340
13 339
13 338
13 337
13 336
13 335
13 334
13 333
13 332
13 331
13 330
13 329
13 328
13 327
13 326
13 325
13 324
13 323
13 322
13 321
13 320
13 321
13 322
13 323
13 324
13 325
13 326
13 327
13 328
13 329
13 330
13 331
13 332
13 333
13 334
13 335
13 336
13 337
13 338
13 339
13 340
13 341
13 342
13 343
13 344
13 345
13 346
13 347
13 346
13 345
13 344
13 343
13 342
13 341
13 340
13 339
13 338
13 337
13 336
13 335
13 334
13 333
13 332
13 331
13 330
13 329
13 328
13 327
13 326
13 325
13 324
13 323
13 322
13 321
13 320
13 319
13 320
13 321
13 322
13 323
13 324
13 325
13 326
13 327
13 328
13 329
13 330
13 331
13 332
13 333
color 150,0,150
574 449
573 448
572 447
571 446
570 445
569 444
568 443
567 442
566 441
565 440
564 439
563 438
562 437
561 436
560 435
559 434
558 433
557 432
556 431
555 430
554 429
553 428
552 427
551 426
550 425
549 424
548 423
547 422
546 421
545 420
544 419
543 418
542 417
541 416
540 415
539 414
538 413
537 412
536 411
535 410
534 409
533 408
532 407
531 406
530 405
529 404
528 403
527 402
526 401
525 400
524 399
523 398
522 397
521 396
520 395
519 394
518 393
517 392
516 391
515 392
514 393
513 394
512 395
511 396
512 395
513 394
514 393
515 392
516 391
517 390
518 389
519 388
520 387
521 386
520 385
519 384
518 383
517 382
516 381
515 380
514 379
515 378
516 377
517 376
518 375
519 374
518 373
517 372
516 371
515 370
514 369
513 368
512 367
511 366
510 365
509 364
508 363
507 364
506 365
505 366
504 367
503 368
504 367
505 366
506 365
507 364
508 363
509 362
510 361
511 360
512 359
513 358
512 357
511 356
510 355
509 354
508 353
507 352
506 351
505 350
504 349
503 348
502 347
501 346
500 345
499 344
500 343
501 342
502 341
503 340
504 339
503 338
502 337
501 336
500 335
499 334
498 333
497 332
496 331
495 330
494 329
493 328
492 327
491 326
490 325
489 324
488 323
487 322
488 321
489 320
490 319
491 318
492 317
491 316
490 315
489 314
488 313
487 312
486 311
485 310
484 309
483 308
482 307
481 306
480 305
479 304
478 303
477 302
476 301
475 300
474 299
473 298
472 297
471 296
470 295
469 294
468 293
467 292
466 291
465 290
464 289
463 288
462 287
461 286
460 285
459 284
458 283
457 282
456 281
455 280
454 279
453 278
452 277
451 276
450 275
449 274
448 273
447 272
446 271
445 270
444 269
443 268
442 267
441 266
440 265
439 264
438 263
437 262
436 261
435 260
434 259
433 258
432 257
431 256
430 255
429 254
428 253
427 252
426 251
425 250
424 249
423 248
422 247
421 246
420 245
419 244
418 243
417 242
416 241
415 240
414 239
413 238
412 237
411 236
410 235
409 234
408 233
407 232
406 231
405 230
404 229
403 228
402 227
401 226
400 225
399 224
398 223
397 222
396 221
395 220
394 219
393 218
392 217
391 216
390 215
389 214
388 213
387 212
386 211
385 210
384 209
383 208
382 207
381 206
380 205
379 204
378 203
377 202
376 201
375 200
374 199
373 198
372 197
371 198
370 199
369 200
368 201
367 202
366 201
365 200
364 199
363 198
362 197
361 198
360 199
359 200
358 201
357 202
356 201
355 200
354 199
353 198
352 197
351 198
350 199
349 200
348 201
347 202
346 201
345 200
344 199
343 198
342 197
341 198
340 199
339 200
338 201
337 202
336 201
335 200
334 199
333 198
332 197
333 196
334 195
335 194
336 193
337 192
336 193
335 194
334 195
333 196
332 197
331 198
330 199
329 200
328 201
327 202
326 201
325 200
324 199
323 198
322 197
321 198
320 199
319 200
318 201
317 202
316 201
315 200
314 199
313 198
312 197
313 196
314 195
315 194
316 193
317 192
316 193
315 194
314 195
313 196
312 197
311 198
310 199
309 200
308 201
307 202
306 201
307 200
308 199
309 198
310 197
311 196
310 197
309 198
308 199
307 200
306 201
305 202
304 203
303 204
302 205
301 206
300 205
299 204
298 205
297 206
296 207
295 208
294 209
293 208
292 207
291 206
290 207
289 208
288 209
287 210
286 211
285 210
284 209
283 208
282 207
283 206
284 205
285 204
286 203
287 202
286 203
285 204
284 205
283 206
282 207
281 208
280 209
279 210
278 211
277 212
276 211
275 212
274 213
273 214
272 215
271 216
272 215
273 214
274 213
275 212
276 211
277 210
278 209
279 208
280 207
281 206
280 207
279 208
278 209
277 210
276 211
275 212
274 213
273 214
272 215
271 216
270 217
271 216
272 215
273 214
274 213
275 212
276 211
277 210
278 209
279 208
280 207
281 206
282 205
281 206
280 207
279 208
278 209
277 210
276 211
275 212
274 213
273 214
272 215
271 216
270 217
269 218
270 217
271 216
272 215
273 214
274 213
275 212
276 211
277 210
278 209
279 208
280 207
281 206
282 205
283 204
282 205
281 206
280 207
279 208
278 209
277 210
276 211
275 212
274 213
273 214
272 215
271 216
270 217
269 218
268 219
269 218
270 217
271 216
272 215
273 214
274 213
275 212
276 211
277 210
278 209
279 208
280 207
281 206
282 205
283 204
284 203
283 204
282 205
281 206
280 207
279 208
278 209
277 210
276 211
275 212
274 213
273 214
272 215
271 216
270 217
269 218
268 219
267 220
268 219
269 218
270 217
271 216
272 215
273 214
274 213
275 212
276 211
277 210
278 209
279 208
280 207
281 206
282 205
283 204
284 203
285 202
284 203
283 204
282 205
281 206
280 207
279 208
278 209
277 210
276 211
275 212
274 213
273 214
272 215
271 216
270 217
269 218
268 219
267 220
266 221
267 220
268 219
269 218
270 217
271 216
272 215
273 214
274 213
275 212
276 211
277 210
278 209
279 208
280 207
281 206
282 205
283 204
284 203
285 202
286 201
285 202
284 203
283 204
282 205
281 206
280 207
279 208
278 209
277 210
276 211
275 212
274 213
273 214
272 215
271 216
270 217
269 218
268 219
267 220
266 221
265 222
266 221
267 220
268 219
269 218
270 217
271 216
272 215
273 214
274 213
275 212
276 211
277 210
278 209
279 208
280 207
281 206
282 205
283 204
284 203
285 202
286 201
287 200
286 201
285 202
284 203
283 204
282 205
281 206
280 207
279 208
278 209
277 210
276 211
275 212
274 213
273 214
272 215
271 216
270 217
269 218
268 219
267 220
266 221
265 222
264 223
263 222
262 223
261 224
260 225
259 226
258 227
257 226
256 225
255 226
254 227
253 228
252 229
251 230
252 229
253 228
254 227
255 226
256 225
257 224
258 223
259 222
260 221
261 220
260 221
259 222
258 223
257 224
256 225
255 226
254 227
253 228
252 229
251 230
250 231
251 230
252 229
253 228
254 227
255 226
256 225
257 224
258 223
259 222
260 221
261 220
262 219
261 220
260 221
259 222
258 223
257 224
256 225
255 226
254 227
253 228
252 229
251 230
250 231
249 232
248 231
249 230
250 229
251 228
252 227
253 226
252 227
251 228
250 229
249 230
248 231
247 232
246 233
245 234
244 235
243 236
244 235
245 234
246 233
247 232
248 231
249 230
250 229
251 228
252 227
253 226
254 225
253 226
252 227
251 228
250 229
249 230
248 231
247 232
246 233
245 234
244 235
243 236
242 237
243 236
244 235
245 234
246 233
247 232
248 231
249 230
250 229
251 228
252 227
253 226
254 225
255 224
254 225
253 226
252 227
251 228
250 229
249 230
248 231
247 232
246 233
245 234
244 235
243 236
242 237
241 238
240 237
241 236
242 235
243 234
244 233
245 232
244 233
243 234
242 235
241 236
240 237
239 238
238 239
237 240
236 241
235 242
234 241
233 240
232 239
231 238
232 237
233 236
234 235
235 234
236 233
235 234
234 235
233 236
232 237
231 238
230 239
229 240
228 241
227 242
226 243
225 242
224 241
223 240
222 239
221 238
220 239
219 240
218 241
217 242
216 243
215 242
214 241
213 240
212 239
211 238
210 239
209 240
208 241
207 242
206 243
205 242
204 241
203 240
202 239
201 240
200 241
199 242
198 243
197 244
196 243
195 242
194 241
195 240
196 239
197 238
198 237
199 236
198 237
197 238
196 239
195 240
194 241
193 242
192 243
191 244
190 245
189 246
188 245
187 244
186 243
185 242
186 241
187 240
188 239
189 238
190 237
189 238
188 239
187 240
186 241
185 242
184 243
183 244
182 245
181 246
180 247
179 246
178 245
179 244
180 243
181 242
182 241
183 240
182 241
181 242
180 243
179 244
178 245
177 246
176 247
175 248
174 249
173 250
172 249
171 248
170 247
169 246
168 247
167 248
166 249
165 250
164 251
163 250
162 249
161 248
160 247
161 246
162 245
163 244
164 243
165 242
164 243
163 244
162 245
161 246
160 247
159 248
158 249
157 250
156 251
155 252
154 251
153 250
152 249
151 248
150 247
151 246
152 245
153 244
154 243
155 242
154 243
153 244
152 245
151 246
150 247
149 248
148 249
147 250
146 251
145 252
144 251
143 250
142 249
141 248
140 247
141 246
142 245
143 244
144 243
145 242
144 243
143 244
142 245
141 246
140 247
139 248
138 249
137 250
136 251
135 252
134 251
133 252
132 253
131 254
130 255
129 256
128 255
129 254
130 253
131 252
132 251
133 250
132 251
131 252
130 253
129 254
128 255
127 256
126 257
125 258
124 259
123 260
122 259
121 258
120 257
121 256
122 255
123 254
124 253
125 252
124 253
123 254
122 255
121 256
120 257
119 258
118 259
117 260
116 261
115 262
116 261
117 260
118 259
119 258
120 257
121 256
122 255
123 254
124 253
125 252
126 251
125 252
124 253
123 254
122 255
121 256
120 257
119 258
118 259
117 260
116 261
115 262
114 263
113 262
112 263
111 264
110 265
109 266
108 267
109 266
110 265
111 264
112 263
113 262
114 261
115 260
116 259
117 258
118 257
117 258
116 259
115 260
114 261
113 262
112 263
111 264
110 265
109 266
108 267
107 268
108 267
109 266
110 265
111 264
112 263
113 262
114 261
115 260
116 259
117 258
118 257
119 256
118 257
117 258
116 259
115 260
114 261
113 262
112 263
111 264
110 265
109 266
108 267
107 268
106 269
107 268
108 267
109 266
110 265
111 264
112 263
113 262
114 261
115 260
116 259
117 258
118 257
119 256
120 255
119 256
118 257
117 258
116 259
115 260
114 261
113 262
112 263
111 264
110 265
109 266
108 267
107 268
106 269
105 270
106 269
107 268
108 267
109 266
110 265
111 264
112 263
113 262
114 261
115 260
116 259
117 258
118 257
119 256
120 255
121 254
120 255
119 256
118 257
117 258
116 259
115 260
114 261
113 262
112 263
111 264
110 265
109 266
108 267
107 268
106 269
105 270
104 271
103 270
102 271
101 272
100 273
99 274
98 275
99 274
100 273
101 272
102 271
103 270
104 269
105 268
106 267
107 266
108 265
107 266
106 267
105 268
104 269
103 270
102 271
101 272
100 273
99 274
98 275
97 276
98 275
99 274
100 273
101 272
102 271
103 270
104 269
105 268
106 267
107 266
108 265
109 264
108 265
107 266
106 267
105 268
104 269
103 270
102 271
101 272
100 273
99 274
98 275
97 276
96 277
97 276
98 275
99 274
100 273
101 272
102 271
103 270
104 269
105 268
106 267
107 266
108 265
109 264
110 263
109 264
108 265
107 266
106 267
105 268
104 269
103 270
102 271
101 272
100 273
99 274
98 275
97 276
96 277
95 278
96 277
97 276
98 275
99 274
100 273
101 272
102 271
103 270
104 269
105 268
106 267
107 266
108 265
109 264
110 263
111 262
110 263
109 264
108 265
107 266
106 267
105 268
104 269
103 270
102 271
101 272
100 273
99 274
98 275
97 276
96 277
95 278
94 279
95 278
96 277
97 276
98 275
99 274
100 273
101 272
102 271
103 270
104 269
105 268
106 267
107 266
108 265
109 264
110 263
111 262
112 261
111 262
110 263
109 264
108 265
107 266
106 267
105 268
104 269
103 270
102 271
101 272
100 273
99 274
98 275
97 276
96 277
95 278
94 279
93 280
94 279
95 278
96 277
97 276
98 275
99 274
100 273
101 272
102 271
103 270
104 269
105 268
106 267
107 266
108 265
109 264
110 263
111 262
112 261
113 260
112 261
111 262
110 263
109 264
108 265
107 266
106 267
105 268
104 269
103 270
102 271
101 272
100 273
99 274
98 275
97 276
96 277
95 278
94 279
93 280
92 281
93 280
94 279
95 278
96 277
97 276
98 275
99 274
100 273
101 272
102 271
103 270
104 269
105 268
106 267
107 266
108 265
109 264
110 263
111 262
112 261
113 260
114 259
113 260
112 261
111 262
110 263
109 264
108 265
107 266
106 267
105 268
104 269
103 270
102 271
101 272
100 273
99 274
98 275
97 276
96 277
95 278
94 279
93 280
92 281
91 282
92 281
93 280
94 279
95 278
96 277
97 276
98 275
99 274
100 273
101 272
102 271
103 270
104 269
105 268
106 267
107 266
108 265
109 264
110 263
111 262
112 261
113 260
114 259
115 258
114 259
113 260
112 261
111 262
110 263
109 264
108 265
107 266
106 267
105 268
104 269
103 270
102 271
101 272
100 273
99 274
98 275
97 276
96 277
95 278
94 279
93 280
92 281
91 282
90 283
91 282
92 281
93 280
94 279
95 278
96 277
97 276
98 275
99 274
100 273
101 272
102 271
103 270
104 269
105 268
106 267
107 266
108 265
109 264
110 263
111 262
112 261
113 260
114 259
115 258
116 257
115 258
114 259
113 260
112 261
111 262
110 263
109 264
108 265
107 266
106 267
105 268
104 269
103 270
102 271
101 272
100 273
99 274
98 275
97 276
96 277
95 278
94 279
93 280
92 281
91 282
90 283
89 284
90 283
91 282
92 281
93 280
94 279
95 278
96 277
97 276
98 275
99 274
100 273
101 272
102 271
103 270
104 269
105 268
106 267
107 266
108 265
109 264
110 263
111 262
112 261
113 260
114 259
115 258
116 257
117 256
116 257
115 258
114 259
113 260
112 261
111 262
110 263
109 264
108 265
107 266
106 267
105 268
104 269
103 270
color 0,150,150
574 451
573 452
572 453
571 454
570 455
569 456
568 457
567 458
566 459
565 460
564 461
563 462
562 463
561 462
560 461
559 460
558 459
557 458
558 459
559 460
560 461
561 462
562 463
563 464
564 465
565 466
566 467
567 468
566 467
565 466
564 465
563 464
562 463
561 462
560 461
559 460
558 459
557 458
556 457
557 458
558 459
559 460
560 461
561 462
562 463
563 464
564 465
565 466
566 467
567 468
568 469
567 468
566 467
565 466
564 465
563 464
562 463
561 462
560 461
559 460
558 459
557 458
556 457
555 456
556 457
557 458
558 459
559 460
560 461
561 462
562 463
563 464
564 465
565 466
566 467
567 468
568 469
569 470
568 469
567 468
566 467
565 466
564 465
563 464
562 463
561 462
560 461
559 460
558 459
557 458
556 457
555 456
554 455
555 456
556 457
557 458
558 459
559 460
560 461
561 462
562 463
563 464
564 465
565 466
566 467
567 468
568 469
569 470
570 471
569 470
568 469
567 468
566 467
565 466
564 465
563 464
562 463
561 462
560 461
559 460
558 459
557 458
556 457
555 456
554 455
553 454
554 455
555 456
556 457
557 458
558 459
559 460
560 461
561 462
562 463
563 464
564 465
565 466
566 467
567 468
568 469
569 470
570 471
571 472
570 471
569 470
568 469
567 468
566 467
565 466
564 465
563 464
562 463
561 462
560 461
559 460
558 459
557 458
556 457
555 456
554 455
553 454
552 453
553 454
554 455
555 456
556 457
557 458
558 459
559 460
560 461
561 462
562 463
563 464
564 465
565 466
566 467
567 468
568 469
569 470
570 471
571 472
572 473
571 472
570 471
569 470
568 469
567 468
566 467
565 466
564 465
563 464
562 463
561 462
560 461
559 460
558 459
557 458
556 457
555 456
554 455
553 454
552 453
551 452
552 453
553 454
554 455
555 456
556 457
557 458
558 459
559 460
560 461
561 462
562 463
563 464
564 465
565 466
566 467
567 468
568 469
569 470
570 471
571 472
572 473
573 474
572 473
571 472
570 471
569 470
568 469
567 468
566 467
565 466
564 465
563 464
562 463
561 462
560 461
559 460
558 459
557 458
556 457
555 456
554 455
553 454
552 453
551 452
550 451
551 452
552 453
553 454
554 455
555 456
556 457
557 458
558 459
559 460
560 461
561 462
562 463
563 464
564 465
565 466
566 467
567 468
568 469
569 470
570 471
571 472
572 473
573 474
574 475
573 474
572 473
571 472
570 471
569 470
568 469
567 468
566 467
565 466
564 465
563 464
562 463
561 462
560 461
559 460
558 459
557 458
556 457
555 456
554 455
553 454
552 453
551 452
550 451
549 450
550 451
551 452
552 453
553 454
554 455
555 456
556 457
557 458
558 459
559 460
560 461
561 462
562 463
563 464
564 465
565 466
566 467
567 468
568 469
569 470
570 471
571 472
572 473
573 474
574 475
575 476
574 475
573 474
572 473
571 472
570 471
569 470
568 469
567 468
566 467
565 466
564 465
563 464
562 463
561 462
560 461
559 460
558 459
557 458
556 457
555 456
554 455
553 454
552 453
551 452
550 451
549 450
548 449
549 450
550 451
551 452
552 453
553 454
554 455
555 456
556 457
557 458
558 459
559 460
560 461
561 462
562 463
563 464
564 465
565 466
566 467
567 468
568 469
569 470
570 471
571 472
572 473
573 474
574 475
575 476
576 477
575 476
574 475
573 474
572 473
571 472
570 471
569 470
568 469
567 468
566 467
565 466
564 465
563 464
562 463
