204.246170862 551.380596318
206.025981813 546.708094528
207.805792763 542.035592738
209.585603714 537.363090948
211.365414664 532.690589157
213.145225615 528.018087367
214.925036565 523.345585577
216.704847516 518.673083786
218.484658466 514.000581996
220.264469417 509.328080206
222.044280367 504.655578415
223.824091318 499.983076625
225.603902268 495.310574835
227.383713219 490.638073045
229.163524169 485.965571254
230.94333512 481.293069464
232.72314607 476.620567674
234.502957021 471.948065883
236.282767971 467.275564093
238.062578922 462.603062303
239.842389872 457.930560512
241.622200823 453.258058722
243.402011774 448.585556932
245.181822724 443.913055141
246.961633675 439.240553351
248.741444625 434.568051561
250.521255576 429.895549771
252.301066526 425.22304798
254.080877477 420.55054619
255.860688427 415.8780444
257.640499378 411.205542609
259.420310328 406.533040819
261.200121279 401.860539029
262.979932229 397.188037238
264.75974318 392.515535448
266.53955413 387.843033658
268.319365081 383.170531867
270.099176031 378.498030077
271.878986982 373.825528287
273.658797932 369.153026497
275.438608883 364.480524706
277.218419833 359.808022916
278.998230784 355.135521126
280.778041734 350.463019335
282.557852685 345.790517545
284.337663635 341.118015755
286.117474586 336.445513964
287.897285536 331.773012174
289.677096487 327.100510384
291.456907438 322.428008593
293.236718388 317.755506803
295.016529339 313.083005013
296.796340289 308.410503223
298.57615124 303.738001432
300.35596219 299.065499642
298.57615124 303.738001432
300.35596219 299.065499642
298.57615124 303.738001432
300.35596219 299.065499642
298.57615124 303.738001432
300.35596219 299.065499642
298.57615124 303.738001432
300.35596219 299.065499642
298.57615124 303.738001432
300.35596219 299.065499642
298.57615124 303.738001432
300.35596219 299.065499642
298.57615124 303.738001432
300.35596219 299.065499642
298.57615124 303.738001432
300.35596219 299.065499642
298.57615124 303.738001432
300.35596219 299.065499642
298.57615124 303.738001432
300.35596219 299.065499642
298.57615124 303.738001432
300.35596219 299.065499642
298.57615124 303.738001432
300.35596219 299.065499642
298.57615124 303.738001432
300.35596219 299.065499642
298.57615124 303.738001432
300.35596219 299.065499642
298.57615124 303.738001432
300.35596219 299.065499642
298.57615124 303.738001432
300.35596219 299.065499642
298.57615124 303.738001432
300.35596219 299.065499642
298.57615124 303.738001432
300.35596219 299.065499642
298.57615124 303.738001432
300.35596219 299.065499642
298.57615124 303.738001432
300.35596219 299.065499642
298.57615124 303.738001432
300.35596219 299.065499642
298.57615124 303.738001432
300.35596219 299.065499642
